0 0.5328125 0.5625 0.01875 0.07083333333333333
0 0.36796875 0.5697916666666667 0.0453125 0.06875
0 0.67578125 0.5875 0.0359375 0.04583333333333333
0 0.76171875 0.6041666666666666 0.0359375 0.125
0 0.64921875 0.5791666666666667 0.0234375 0.05
0 0.68125 0.5572916666666666 0.015625 0.052083333333333336
0 0.6703125 0.5489583333333333 0.015625 0.052083333333333336
0 0.94609375 0.671875 0.0859375 0.13541666666666666
0 0.86796875 0.6447916666666667 0.0671875 0.12708333333333333
0 0.59921875 0.5666666666666667 0.0203125 0.075
0 0.39453125 0.5739583333333333 0.0328125 0.10625
0 0.43203125 0.5729166666666666 0.0296875 0.11666666666666667
0 0.5421875 0.55625 0.0125 0.05
0 0.5 0.5489583333333333 0.0125 0.04791666666666667
0 0.5078125 0.5604166666666667 0.01875 0.075
0 0.62421875 0.5635416666666667 0.0234375 0.07708333333333334
0 0.1296875 0.421875 0.05625 0.16041666666666668
0 0.91171875 0.26666666666666666 0.0234375 0.08333333333333333
0 0.8171875 0.6229166666666667 0.071875 0.23333333333333334
0 0.7265625 0.7447916666666666 0.14375 0.50625
0 0.21953125 0.6510416666666666 0.0984375 0.33541666666666664
0 0.40546875 0.5645833333333333 0.0203125 0.07083333333333333
0 0.7609375 0.5885416666666666 0.025 0.08958333333333333