0 0.51796875 0.5239583333333333 0.0140625 0.06458333333333334
0 0.89296875 0.24583333333333332 0.0234375 0.08333333333333333
0 0.84375 0.7177083333333333 0.203125 0.5604166666666667
0 0.32421875 0.584375 0.0703125 0.22291666666666668
0 0.74296875 0.565625 0.0453125 0.17708333333333334
0 0.59140625 0.525 0.0171875 0.07083333333333333
0 0.61171875 0.525 0.0203125 0.06666666666666667
0 0.53984375 0.5260416666666666 0.0171875 0.06041666666666667
0 0.56171875 0.5229166666666667 0.0140625 0.05
0 0.45546875 0.5375 0.0265625 0.1125
0 0.428125 0.5416666666666666 0.025 0.10833333333333334
0 0.4109375 0.5322916666666667 0.01875 0.06875
0 0.390625 0.5302083333333333 0.015625 0.07291666666666667
0 0.371875 0.525 0.021875 0.05416666666666667
0 0.40546875 0.5177083333333333 0.0140625 0.06875
0 0.5078125 0.5208333333333334 0.0125 0.0625
0 0.78203125 0.5197916666666667 0.0109375 0.035416666666666666
0 0.6859375 0.5208333333333334 0.01875 0.05416666666666667
0 0.703125 0.5166666666666667 0.009375 0.04583333333333333
0 0.715625 0.51875 0.0125 0.041666666666666664
0 0.65390625 0.54375 0.0390625 0.05
0 0.70390625 0.5604166666666667 0.0515625 0.0625
0 0.76953125 0.521875 0.0109375 0.03958333333333333