0 0.52265625 0.509375 0.0203125 0.08958333333333333
0 0.25625 0.6875 0.140625 0.5791666666666667
0 0.43828125 0.671875 0.0953125 0.49375
0 0.7796875 0.49895833333333334 0.03125 0.11041666666666666
0 0.74921875 0.5083333333333333 0.0390625 0.12916666666666668
0 0.58984375 0.5322916666666667 0.0390625 0.14791666666666667
0 0.51484375 0.5145833333333333 0.0234375 0.09583333333333334
0 0.4734375 0.5114583333333333 0.025 0.08541666666666667
0 0.346875 0.49270833333333336 0.01875 0.03958333333333333
0 0.2109375 0.50625 0.021875 0.075
0 0.234375 0.5041666666666667 0.015625 0.06666666666666667