0 0.45859375 0.56875 0.0546875 0.22083333333333333
0 0.40703125 0.5645833333333333 0.0484375 0.2125
0 0.58515625 0.5208333333333334 0.0234375 0.07916666666666666
0 0.5984375 0.5145833333333333 0.021875 0.075
0 0.77890625 0.49166666666666664 0.0171875 0.05416666666666667
0 0.79375 0.4895833333333333 0.0125 0.05
0 0.8734375 0.4822916666666667 0.01875 0.03958333333333333
0 0.834375 0.48333333333333334 0.0125 0.041666666666666664
0 0.9203125 0.48854166666666665 0.021875 0.08125
0 0.8984375 0.4895833333333333 0.01875 0.07916666666666666
0 0.97265625 0.48020833333333335 0.0265625 0.08541666666666667
0 0.94140625 0.490625 0.0203125 0.07291666666666667
0 0.5171875 0.5645833333333333 0.065625 0.22083333333333333