0 0.62578125 0.6697916666666667 0.0546875 0.21458333333333332
0 0.68125 0.6114583333333333 0.028125 0.06458333333333334
0 0.8046875 0.61875 0.01875 0.075
0 0.8984375 0.628125 0.028125 0.09791666666666667
0 0.81796875 0.625 0.0203125 0.06666666666666667
0 0.78828125 0.6354166666666666 0.0359375 0.1
0 0.575 0.6260416666666667 0.034375 0.13125
0 0.46875 0.621875 0.028125 0.10208333333333333
0 0.44375 0.6197916666666666 0.025 0.09791666666666667
0 0.4640625 0.6322916666666667 0.028125 0.11875
0 0.50390625 0.6270833333333333 0.0578125 0.125
0 0.44296875 0.6302083333333334 0.0328125 0.12708333333333333
0 0.559375 0.5947916666666667 0.015625 0.04791666666666667
0 0.49765625 0.625 0.0265625 0.1