0 0.4296875 0.5197916666666667 0.028125 0.09791666666666667
0 0.43203125 0.521875 0.0265625 0.10625
0 0.6015625 0.5416666666666666 0.04375 0.15833333333333333
0 0.2828125 0.5208333333333334 0.021875 0.07916666666666666
0 0.22421875 0.50625 0.0171875 0.07916666666666666
0 0.34921875 0.5166666666666667 0.0234375 0.07916666666666666
0 0.16953125 0.5229166666666667 0.0328125 0.1125
0 0.1671875 0.5114583333333333 0.03125 0.11458333333333333
0 0.08828125 0.5302083333333333 0.0296875 0.10208333333333333
0 0.01484375 0.5052083333333334 0.0265625 0.04791666666666667
0 0.375 0.51875 0.015625 0.058333333333333334
0 0.45859375 0.49375 0.0109375 0.03333333333333333
0 0.5515625 0.540625 0.034375 0.14375
0 0.5015625 0.5364583333333334 0.040625 0.14791666666666667
0 0.621875 0.5145833333333333 0.015625 0.075
0 0.6328125 0.5177083333333333 0.025 0.07291666666666667
0 0.64375 0.5135416666666667 0.0125 0.07291666666666667
0 0.653125 0.5208333333333334 0.015625 0.075
0 0.52734375 0.4895833333333333 0.0078125 0.029166666666666667
0 0.51875 0.48541666666666666 0.00625 0.025
0 0.39921875 0.5229166666666667 0.0234375 0.10833333333333334
0 0.58203125 0.5020833333333333 0.0140625 0.05416666666666667
0 0.37109375 0.50625 0.0203125 0.07083333333333333
0 0.23203125 0.50625 0.0203125 0.07916666666666666