0 0.62421875 0.58125 0.0296875 0.09166666666666666
0 0.6140625 0.5708333333333333 0.015625 0.058333333333333334
0 0.65 0.5645833333333333 0.015625 0.05416666666666667
0 0.640625 0.565625 0.0125 0.05625
0 0.61328125 0.565625 0.0171875 0.06041666666666667
0 0.8796875 0.5791666666666667 0.021875 0.058333333333333334
0 0.21484375 0.571875 0.0546875 0.07708333333333334
0 0.12734375 0.5489583333333333 0.0296875 0.09791666666666667
0 0.85 0.5760416666666667 0.01875 0.04375
0 0.828125 0.5833333333333334 0.015625 0.05
0 0.975 0.5833333333333334 0.021875 0.058333333333333334
0 0.953125 0.58125 0.01875 0.04583333333333333
0 0.93828125 0.58125 0.0265625 0.041666666666666664
0 0.98359375 0.5822916666666667 0.0109375 0.052083333333333336
0 0.97421875 0.5791666666666667 0.0140625 0.05
0 0.8453125 0.6666666666666666 0.15 0.14166666666666666
0 0.9703125 0.7145833333333333 0.0625 0.15416666666666667
0 0.08984375 0.5479166666666667 0.0265625 0.10416666666666667
0 0.29453125 0.5760416666666667 0.0234375 0.11458333333333333
0 0.3171875 0.6208333333333333 0.0625 0.24583333333333332
0 0.409375 0.6229166666666667 0.06875 0.2375
0 0.35 0.5635416666666667 0.028125 0.06458333333333334
0 0.57734375 0.6114583333333333 0.0515625 0.15208333333333332
0 0.72890625 0.6 0.0453125 0.1375
0 0.7015625 0.6083333333333333 0.046875 0.07083333333333333
0 0.76484375 0.59375 0.0359375 0.03333333333333333
0 0.63671875 0.5635416666666667 0.0140625 0.052083333333333336
0 0.8046875 0.6427083333333333 0.04375 0.09791666666666667
0 0.7703125 0.6020833333333333 0.01875 0.058333333333333334