0 0.28984375 0.51875 0.0203125 0.1125
0 0.325 0.49583333333333335 0.01875 0.09166666666666666
0 0.30546875 0.4947916666666667 0.0171875 0.09791666666666667
0 0.4625 0.496875 0.06875 0.04791666666666667
0 0.46640625 0.521875 0.0359375 0.14375
0 0.50390625 0.5291666666666667 0.0265625 0.12916666666666668
0 0.5328125 0.5197916666666667 0.028125 0.11458333333333333
0 0.68359375 0.484375 0.0078125 0.027083333333333334
0 0.73828125 0.5125 0.0140625 0.06666666666666667
0 0.753125 0.5145833333333333 0.015625 0.06666666666666667
0 0.77109375 0.5125 0.0140625 0.0625
0 0.77734375 0.5177083333333333 0.0140625 0.06875
0 0.80234375 0.528125 0.0203125 0.08125
0 0.86171875 0.540625 0.0234375 0.10625
0 0.85234375 0.540625 0.0171875 0.11041666666666666
0 0.83359375 0.5416666666666666 0.0296875 0.1125
0 0.81484375 0.5375 0.0171875 0.10833333333333334
0 0.69609375 0.4875 0.0140625 0.0375
0 0.58125 0.5 0.015625 0.03333333333333333
0 0.0234375 0.4979166666666667 0.04375 0.09583333333333334
0 0.06484375 0.48333333333333334 0.0234375 0.0875
0 0.08046875 0.4791666666666667 0.0203125 0.07916666666666666
0 0.2578125 0.5145833333333333 0.040625 0.14583333333333334
0 0.44140625 0.5020833333333333 0.0234375 0.08333333333333333
0 0.76640625 0.51875 0.0171875 0.0625