0 0.24375 0.5979166666666667 0.059375 0.20416666666666666
0 0.31953125 0.5854166666666667 0.0640625 0.2
0 0.46171875 0.5479166666666667 0.0390625 0.12083333333333333
0 0.5078125 0.5416666666666666 0.040625 0.17083333333333334
0 0.5984375 0.5145833333333333 0.028125 0.041666666666666664
0 0.6578125 0.5270833333333333 0.021875 0.0875
0 0.76796875 0.5114583333333333 0.0171875 0.06875
0 0.7984375 0.5114583333333333 0.01875 0.06875
0 0.81953125 0.5125 0.0171875 0.06666666666666667
0 0.8484375 0.50625 0.025 0.07916666666666666
0 0.19296875 0.6041666666666666 0.0609375 0.2125