0 0.54375 0.475 0.009375 0.029166666666666667
0 0.43515625 0.49583333333333335 0.0203125 0.075
0 0.26875 0.50625 0.021875 0.07916666666666666
0 0.30546875 0.5052083333333334 0.0265625 0.08541666666666667
0 0.37734375 0.5010416666666667 0.0203125 0.07291666666666667
0 0.40625 0.496875 0.01875 0.06458333333333334
0 0.42265625 0.49895833333333334 0.0203125 0.06875
0 0.96171875 0.6822916666666666 0.0796875 0.6395833333333333
0 0.8109375 0.4864583333333333 0.025 0.07291666666666667
0 0.63125 0.49895833333333334 0.028125 0.08125
0 0.5765625 0.496875 0.021875 0.07708333333333334
0 0.603125 0.5 0.021875 0.07916666666666666
0 0.69140625 0.49895833333333334 0.0140625 0.06875
0 0.68203125 0.4947916666666667 0.0140625 0.06458333333333334
0 0.65703125 0.4864583333333333 0.0109375 0.04375
0 0.47265625 0.4895833333333333 0.0171875 0.0625
0 0.45234375 0.490625 0.0171875 0.06458333333333334
0 0.0484375 0.48854166666666665 0.053125 0.03958333333333333
0 0.040625 0.5229166666666667 0.078125 0.05416666666666667
0 0.1140625 0.5427083333333333 0.08125 0.09375
0 0.23828125 0.503125 0.0265625 0.09375
0 0.66640625 0.4875 0.0109375 0.04583333333333333
0 0.61875 0.4822916666666667 0.0125 0.04375
0 0.52421875 0.5052083333333334 0.0234375 0.06875
0 0.49453125 0.49895833333333334 0.0203125 0.08958333333333333
0 0.5890625 0.478125 0.009375 0.03125
0 0.13203125 0.55 0.0328125 0.075
0 0.13828125 0.5104166666666666 0.0234375 0.08333333333333333
0 0.01640625 0.49166666666666664 0.0203125 0.06666666666666667
0 0.05234375 0.5416666666666666 0.0296875 0.09166666666666666
0 0.6453125 0.4864583333333333 0.0125 0.04791666666666667
0 0.01328125 0.5427083333333333 0.0234375 0.09375