0 0.29609375 0.45729166666666665 0.0140625 0.06041666666666667
0 0.12890625 0.60625 0.2515625 0.7833333333333333
0 0.3875 0.45416666666666666 0.009375 0.03333333333333333
0 0.3671875 0.46041666666666664 0.015625 0.05416666666666667
0 0.34921875 0.459375 0.0140625 0.052083333333333336
0 0.425 0.45729166666666665 0.009375 0.03125
0 0.971875 0.5125 0.025 0.075
0 0.98984375 0.49375 0.0203125 0.0625
0 0.9328125 0.5145833333333333 0.028125 0.11666666666666667
0 0.52578125 0.46041666666666664 0.0171875 0.058333333333333334
0 0.7375 0.48020833333333335 0.0125 0.04791666666666667
0 0.5515625 0.5208333333333334 0.11875 0.13333333333333333