0 0.8203125 0.634375 0.053125 0.11041666666666666
0 0.4140625 0.565625 0.03125 0.11875
0 0.38203125 0.5645833333333333 0.0328125 0.10416666666666667
0 0.3546875 0.5541666666666667 0.025 0.075
0 0.375 0.5447916666666667 0.01875 0.07708333333333334
0 0.44921875 0.540625 0.0109375 0.04791666666666667
0 0.52109375 0.5541666666666667 0.0140625 0.05416666666666667
0 0.48203125 0.553125 0.0171875 0.06875
0 0.50625 0.55625 0.015625 0.0625
0 0.88828125 0.6604166666666667 0.0765625 0.1375
0 0.49609375 0.5489583333333333 0.0171875 0.04791666666666667
0 0.6453125 0.5510416666666667 0.0125 0.04791666666666667
0 0.65390625 0.553125 0.0109375 0.04791666666666667
0 0.68125 0.5520833333333334 0.0125 0.041666666666666664
0 0.67265625 0.5489583333333333 0.0109375 0.03958333333333333
0 0.7203125 0.5583333333333333 0.040625 0.04583333333333333
0 0.56484375 0.559375 0.0203125 0.06875
0 0.58515625 0.559375 0.0203125 0.07708333333333334
0 0.86953125 0.28958333333333336 0.0234375 0.09166666666666666
0 0.74375 0.7427083333333333 0.20625 0.5104166666666666
0 0.259375 0.6239583333333333 0.075 0.28125
0 0.62265625 0.5760416666666667 0.0453125 0.052083333333333336
0 0.675 0.5927083333333333 0.053125 0.06458333333333334