0 0.55625 0.5708333333333333 0.03125 0.12083333333333333
0 0.52578125 0.55 0.0203125 0.08333333333333333
0 0.534375 0.5510416666666667 0.01875 0.07291666666666667
0 0.371875 0.53125 0.01875 0.05416666666666667
0 0.3453125 0.5614583333333333 0.040625 0.09791666666666667
0 0.309375 0.5697916666666667 0.03125 0.07708333333333334
0 0.23125 0.5625 0.046875 0.10833333333333334
0 0.08203125 0.55 0.0296875 0.11666666666666667
0 0.06484375 0.5520833333333334 0.0234375 0.10416666666666667
0 0.43515625 0.565625 0.0390625 0.11875
0 0.034375 0.5270833333333333 0.025 0.0625