0 0.8859375 0.48333333333333334 0.01875 0.07916666666666666
0 0.39609375 0.5583333333333333 0.0484375 0.2125
0 0.44921875 0.5583333333333333 0.0546875 0.22083333333333333
0 0.5140625 0.5583333333333333 0.065625 0.22083333333333333
0 0.57890625 0.5166666666666667 0.0234375 0.07916666666666666
0 0.5921875 0.5104166666666666 0.021875 0.075
0 0.76953125 0.4875 0.0171875 0.05416666666666667
0 0.7828125 0.48333333333333334 0.0125 0.05
0 0.8234375 0.47708333333333336 0.0125 0.041666666666666664
0 0.9078125 0.4864583333333333 0.021875 0.08125
0 0.92890625 0.4864583333333333 0.0203125 0.07291666666666667
0 0.96015625 0.48020833333333335 0.0265625 0.08541666666666667
0 0.8625 0.47604166666666664 0.01875 0.03958333333333333