0 0.27734375 0.51875 0.0234375 0.075
0 0.3703125 0.5104166666666666 0.01875 0.0625
0 0.50703125 0.5020833333333333 0.0203125 0.07083333333333333
0 0.4890625 0.5041666666666667 0.015625 0.0625
0 0.4765625 0.5041666666666667 0.015625 0.06666666666666667
0 0.4625 0.5052083333333334 0.015625 0.06041666666666667
0 0.61640625 0.49166666666666664 0.0109375 0.03333333333333333
0 0.60390625 0.4895833333333333 0.0109375 0.03333333333333333
0 0.0515625 0.5895833333333333 0.096875 0.26666666666666666
0 0.43203125 0.49583333333333335 0.0109375 0.0375
0 0.628125 0.49270833333333336 0.009375 0.027083333333333334