0 0.575 0.5229166666666667 0.034375 0.1375
0 0.24921875 0.465625 0.0140625 0.03958333333333333
0 0.03515625 0.496875 0.0390625 0.17291666666666666
0 0.11796875 0.503125 0.0484375 0.15625
0 0.171875 0.50625 0.05625 0.15
0 0.42578125 0.46979166666666666 0.0109375 0.035416666666666666
0 0.434375 0.4791666666666667 0.009375 0.03333333333333333
0 0.4703125 0.5052083333333334 0.021875 0.07708333333333334
0 0.4828125 0.5041666666666667 0.01875 0.07916666666666666
0 0.503125 0.5020833333333333 0.025 0.09166666666666666
0 0.53125 0.5041666666666667 0.021875 0.09166666666666666
0 0.753125 0.5677083333333334 0.05 0.18541666666666667
0 0.71875 0.5625 0.06875 0.20416666666666666
0 0.80078125 0.546875 0.0390625 0.08125
0 0.6796875 0.553125 0.04375 0.18958333333333333
0 0.5203125 0.5041666666666667 0.021875 0.07916666666666666